0000000000000000
0000100000000000
0001000000000000
0001100100000000
0010000100000000
0010101000000000
0011001100000000
0011110000000000
0100010110000000
0100111000000000
0101010100000000
0101100100000000
0110001001100000
0110101100000000
0000000000001010
0111010000000000
0000000000000101
1000011100000000
1000110100000000
1001000100000000
0000000000001010
1001100001000000
1010000010100000
1100011000000000
1100110000000000
1101010100000000
1101100100000000
1110001100000000
1110100000000000
1111000000000000
